[settings]
speed = 500
train_rotation = -0.122365, -0.119399, -0.0296319, -0.984831
