[settings]
speed = 1000
train_rotation = 0.171141, -0.0912958, -0.0646416, 0.978876
